- adx_changeddate: 2023-09-06T13:57:19.0000000Z
  adx_name: ~/ConsultaDisponibilidad
  adx_urlhistoryid: 4344433e-f36b-1410-8e31-00d32e98097b
  adx_webpageid: 581045b2-c615-ee11-9cbe-002248de6701
  timezoneruleversionnumber: 0
- adx_changeddate: 2023-09-06T13:57:45.0000000Z
  adx_name: ~/ConsultaDisponibilidad
  adx_urlhistoryid: 4544433e-f36b-1410-8e31-00d32e98097b
  adx_webpageid: 581045b2-c615-ee11-9cbe-002248de6701
  timezoneruleversionnumber: 0
- adx_changeddate: 2023-09-06T13:57:32.0000000Z
  adx_name: ~/ConsultaDisponibilidad
  adx_urlhistoryid: 4fca423e-f36b-1410-8c75-00bb76d1fa0b
  adx_webpageid: 581045b2-c615-ee11-9cbe-002248de6701
  timezoneruleversionnumber: 0
- adx_changeddate: 2023-09-06T15:10:46.0000000Z
  adx_name: ~/ConsultaDisponibilidad
  adx_urlhistoryid: 62c8423e-f36b-1410-8a31-0074e3289c57
  adx_webpageid: 581045b2-c615-ee11-9cbe-002248de6701
  timezoneruleversionnumber: 0
